41
4
44
45
46
47
48
49
41
4
44
45
46
47
48
49
41
4
44
45
46
47
48
49
41
4
44
45
46
47
48
49
41
4
44
45
46
47
48
49
41
4
44
45
46
47
48
49
41
4
44
45
46
47
48
49
41
4
44
45
46
47
48
49
41
4
44
45
46
47
48
49
41
4
44
45
46
47
48
49
41
4
44
45
46
47
48
49
41
4
44
45
46
47
48
49
41
4
44
45
46
47
48
49
41
4
44
45
46
47
48
49
41
4
44
45
46
47
48
49
41
4
44
45
46
47
48
49
41
4
44
45
46
47
48
49
41
4
44
45
46
47
48
49
41
4
44
45
46
47
48
49
41
4
44
45
46
47
48
49
41
4
44
45
46
47
48
49
41
4
44
45
46
47
48
49
41
4
44
45
46
47
48
49
41
4
44
45
46
47
48
49
41
4
44
45
46
47
48
49
41
4
44
45
46
47
48
49
41
4
44
45
46
47
48
49
41
4
44
45
46
47
48
49
41
4
44
45
46
47
48
49
41
4
44
45
46
47
48
49
41
4
44
45
46
47
48
49
41
4
44
45
46
47
48
49
41
4
44
45
46
47
48
49
41
4
44
45
46
47
48
49
41
4
44
45
46
47
48
49
41
4
44
45
46
47
48
49
41
4
44
45
46
47
48
49
41
4
44
45
46
47
48
49
41
4
44
45
46
47
48
49
41
4
44
45
46
47
48
49
41
4
44
45
46
47
48
49

